的	0.05138339920948617	30.0	0.0033162085960016805
合作	0.039525691699604744	10.0	0.04597434030852494
张高丽	0.02766798418972332	2.0	0.07671194093153545
机制	0.02766798418972332	3.0	0.0654935387309143
新	0.023715415019762844	27.0	0.004029226169060808
副总理	0.023715415019762844	3.0	0.056137318912212256
中新	0.019762845849802372	3.0	0.04678109909351022
三个	0.015810276679841896	1.0	0.054794243522525314
张	0.015810276679841896	15.0	0.011979220580197888
志	0.015810276679841896	5.0	0.02934858482791504
贤	0.015810276679841896	2.0	0.043835394818020255
发展	0.011857707509881422	13.0	0.010681263383456797
新加坡	0.011857707509881422	1.0	0.04109568264189399
说	0.011857707509881422	22.0	0.004443005329344791
与	0.011857707509881422	24.0	0.0034112498709697333
两国	0.011857707509881422	8.0	0.016438273056757595
会见	0.011857707509881422	6.0	0.01984952292772733
对	0.011857707509881422	27.0	0.002014613084530404
要	0.007905138339920948	23.0	0.0026106062203207652
重要	0.007905138339920948	12.0	0.0077535909328990205
2013年	0.007905138339920948	30.0	5.101859378464123E-4
水平	0.007905138339920948	6.0	0.013233015285151552
举	0.007905138339920948	14.0	0.006535008483671683
中	0.007905138339920948	28.0	0.0010555841314191508
领域	0.007905138339920948	9.0	0.01002775751354551
是	0.007905138339920948	28.0	0.0010555841314191508
保持	0.007905138339920948	4.0	0.016438273056757595
合作关系	0.007905138339920948	1.0	0.027397121761262657
友好	0.007905138339920948	1.0	0.027397121761262657
级	0.007905138339920948	11.0	0.00844142790514906
会议	0.007905138339920948	10.0	0.009194868061704987
行了	0.007905138339920948	5.0	0.01467429241395752
10月	0.007905138339920948	30.0	5.101859378464123E-4
后	0.007905138339920948	22.0	0.002962003552896527
我	0.007905138339920948	17.0	0.005000178329988225
不断	0.007905138339920948	6.0	0.013233015285151552
日益	0.003952569169960474	1.0	0.013698560880631329
标志	0.003952569169960474	1.0	0.013698560880631329
充分准备	0.003952569169960474	1.0	0.013698560880631329
带来	0.003952569169960474	3.0	0.009356219818702043
继承	0.003952569169960474	1.0	0.013698560880631329
t1091486.shtml	0.003952569169960474	1.0	0.013698560880631329
交融	0.003952569169960474	1.0	0.013698560880631329
建设	0.003952569169960474	8.0	0.005479424352252532
前瞻性	0.003952569169960474	1.0	0.013698560880631329
mfa_chn	0.003952569169960474	1.0	0.013698560880631329
看法	0.003952569169960474	1.0	0.013698560880631329
将在	0.003952569169960474	7.0	0.006007216417962107
相信	0.003952569169960474	6.0	0.006616507642575776
主席	0.003952569169960474	9.0	0.005013878756772755
发展到	0.003952569169960474	2.0	0.010958848704505064
年来	0.003952569169960474	6.0	0.006616507642575776
利益	0.003952569169960474	6.0	0.006616507642575776
引领	0.003952569169960474	1.0	0.013698560880631329
未来	0.003952569169960474	6.0	0.006616507642575776
当晚	0.003952569169960474	3.0	0.009356219818702043
首次	0.003952569169960474	7.0	0.006007216417962107
并	0.003952569169960474	23.0	0.0013053031101603826
达成	0.003952569169960474	6.0	0.006616507642575776
23	0.003952569169960474	27.0	6.71537694843468E-4
建交	0.003952569169960474	1.0	0.013698560880631329
潮流	0.003952569169960474	2.0	0.010958848704505064
需要	0.003952569169960474	12.0	0.0038767954664495102
开创性	0.003952569169960474	1.0	0.013698560880631329
好处	0.003952569169960474	1.0	0.013698560880631329
http	0.003952569169960474	30.0	2.5509296892320616E-4
找到	0.003952569169960474	5.0	0.00733714620697876
明天	0.003952569169960474	1.0	0.013698560880631329
为	0.003952569169960474	27.0	6.71537694843468E-4
做了	0.003952569169960474	2.0	0.010958848704505064
和平	0.003952569169960474	3.0	0.009356219818702043
取得	0.003952569169960474	5.0	0.00733714620697876
抵达	0.003952569169960474	6.0	0.006616507642575776
发挥	0.003952569169960474	4.0	0.008219136528378797
点	0.003952569169960474	17.0	0.0025000891649941126
及	0.003952569169960474	19.0	0.002060462148748166
方面	0.003952569169960474	12.0	0.0038767954664495102
到了	0.003952569169960474	6.0	0.006616507642575776
落实	0.003952569169960474	4.0	0.008219136528378797
一要	0.003952569169960474	1.0	0.013698560880631329
完全	0.003952569169960474	4.0	0.008219136528378797
读	0.003952569169960474	5.0	0.00733714620697876
www.mfa.gov.cn	0.003952569169960474	1.0	0.013698560880631329
media_span_url	0.003952569169960474	30.0	2.5509296892320616E-4
好	0.003952569169960474	13.0	0.0035604211278189323
出席会议	0.003952569169960474	1.0	0.013698560880631329
时代	0.003952569169960474	2.0	0.010958848704505064
署名文章	0.003952569169960474	1.0	0.013698560880631329
把	0.003952569169960474	11.0	0.00422071395257453
现实	0.003952569169960474	4.0	0.008219136528378797
04	0.003952569169960474	26.0	8.207089516926662E-4
和	0.003952569169960474	24.0	0.0011370832903232443
关系	0.003952569169960474	11.0	0.00422071395257453
不仅	0.003952569169960474	6.0	0.006616507642575776
01	0.003952569169960474	30.0	2.5509296892320616E-4
历次	0.003952569169960474	1.0	0.013698560880631329
双方	0.003952569169960474	9.0	0.005013878756772755
阁下	0.003952569169960474	1.0	0.013698560880631329
三	0.003952569169960474	13.0	0.0035604211278189323
上	0.003952569169960474	24.0	0.0011370832903232443
增强	0.003952569169960474	1.0	0.013698560880631329
共同	0.003952569169960474	8.0	0.005479424352252532
两国关系	0.003952569169960474	2.0	0.010958848704505064
挖掘	0.003952569169960474	3.0	0.009356219818702043
作风	0.003952569169960474	1.0	0.013698560880631329
评价	0.003952569169960474	3.0	0.009356219818702043
将为	0.003952569169960474	3.0	0.009356219818702043
22日	0.003952569169960474	30.0	2.5509296892320616E-4
一行	0.003952569169960474	1.0	0.013698560880631329
共识	0.003952569169960474	6.0	0.006616507642575776
期待着	0.003952569169960474	1.0	0.013698560880631329
外交部	0.003952569169960474	4.0	0.008219136528378797
一步	0.003952569169960474	10.0	0.004597434030852493
也有	0.003952569169960474	5.0	0.00733714620697876
中进	0.003952569169960474	1.0	0.013698560880631329
中国	0.003952569169960474	19.0	0.002060462148748166
方为	0.003952569169960474	1.0	0.013698560880631329
发表	0.003952569169960474	9.0	0.005013878756772755
联合早报	0.003952569169960474	1.0	0.013698560880631329
方向	0.003952569169960474	3.0	0.009356219818702043
21日	0.003952569169960474	9.0	0.005013878756772755
要继续	0.003952569169960474	1.0	0.013698560880631329
推进	0.003952569169960474	8.0	0.005479424352252532
稳定性	0.003952569169960474	1.0	0.013698560880631329
欢迎	0.003952569169960474	3.0	0.009356219818702043
做好	0.003952569169960474	2.0	0.010958848704505064
连续性	0.003952569169960474	1.0	0.013698560880631329
赞同	0.003952569169960474	1.0	0.013698560880631329
两国人民	0.003952569169960474	2.0	0.010958848704505064
利于	0.003952569169960474	3.0	0.009356219818702043
成果	0.003952569169960474	4.0	0.008219136528378797
国务院副总理	0.003952569169960474	2.0	0.010958848704505064
更高	0.003952569169960474	4.0	0.008219136528378797
坚持	0.003952569169960474	1.0	0.013698560880631329
规划	0.003952569169960474	2.0	0.010958848704505064
网站	0.003952569169960474	5.0	0.00733714620697876
特殊	0.003952569169960474	5.0	0.00733714620697876
本地区	0.003952569169960474	1.0	0.013698560880631329
作用	0.003952569169960474	5.0	0.00733714620697876
中方	0.003952569169960474	5.0	0.00733714620697876
晚宴	0.003952569169960474	1.0	0.013698560880631329
加深	0.003952569169960474	1.0	0.013698560880631329
务实	0.003952569169960474	3.0	0.009356219818702043
快速	0.003952569169960474	1.0	0.013698560880631329
友好关系	0.003952569169960474	1.0	0.013698560880631329
担任	0.003952569169960474	2.0	0.010958848704505064
成功经验	0.003952569169960474	1.0	0.013698560880631329
各	0.003952569169960474	19.0	0.002060462148748166
实实在在	0.003952569169960474	1.0	0.013698560880631329
达到	0.003952569169960474	4.0	0.008219136528378797
在	0.003952569169960474	29.0	3.890911968903261E-4
领导人	0.003952569169960474	9.0	0.005013878756772755
精诚合作	0.003952569169960474	1.0	0.013698560880631329
今天	0.003952569169960474	4.0	0.008219136528378797
不断完善	0.003952569169960474	1.0	0.013698560880631329
提升	0.003952569169960474	7.0	0.006007216417962107
阶段	0.003952569169960474	2.0	0.010958848704505064
此次	0.003952569169960474	8.0	0.005479424352252532
zyxw_602251	0.003952569169960474	1.0	0.013698560880631329
二	0.003952569169960474	14.0	0.0032675042418358414
繁荣	0.003952569169960474	4.0	0.008219136528378797
符合	0.003952569169960474	3.0	0.009356219818702043
